(kicad_pcb (version 20171130) (host pcbnew 5.0.1-33cea8e~68~ubuntu18.04.1)

  (general
    (thickness 1.6)
    (drawings 8)
    (tracks 238)
    (zones 0)
    (modules 38)
    (nets 26)
  )

  (page A4)
  (layers
    (0 F.Cu signal)
    (31 B.Cu signal)
    (32 B.Adhes user)
    (33 F.Adhes user)
    (34 B.Paste user)
    (35 F.Paste user)
    (36 B.SilkS user)
    (37 F.SilkS user)
    (38 B.Mask user)
    (39 F.Mask user)
    (40 Dwgs.User user)
    (41 Cmts.User user)
    (42 Eco1.User user)
    (43 Eco2.User user)
    (44 Edge.Cuts user)
    (45 Margin user)
    (46 B.CrtYd user)
    (47 F.CrtYd user)
    (48 B.Fab user)
    (49 F.Fab user)
  )

  (setup
    (last_trace_width 0.4)
    (user_trace_width 0.4)
    (user_trace_width 1)
    (user_trace_width 2)
    (trace_clearance 0.2)
    (zone_clearance 0.508)
    (zone_45_only no)
    (trace_min 0.2)
    (segment_width 0.2)
    (edge_width 0.15)
    (via_size 1.4)
    (via_drill 0.8)
    (via_min_size 0.4)
    (via_min_drill 0.3)
    (uvia_size 0.3)
    (uvia_drill 0.1)
    (uvias_allowed no)
    (uvia_min_size 0.2)
    (uvia_min_drill 0.1)
    (pcb_text_width 0.3)
    (pcb_text_size 1.5 1.5)
    (mod_edge_width 0.15)
    (mod_text_size 1 1)
    (mod_text_width 0.15)
    (pad_size 1.524 1.524)
    (pad_drill 0.762)
    (pad_to_mask_clearance 0.051)
    (solder_mask_min_width 0.25)
    (aux_axis_origin 0 0)
    (visible_elements FFFFFF7F)
    (pcbplotparams
      (layerselection 0x010fc_ffffffff)
      (usegerberextensions false)
      (usegerberattributes false)
      (usegerberadvancedattributes false)
      (creategerberjobfile false)
      (excludeedgelayer true)
      (linewidth 0.100000)
      (plotframeref false)
      (viasonmask false)
      (mode 1)
      (useauxorigin false)
      (hpglpennumber 1)
      (hpglpenspeed 20)
      (hpglpendiameter 15.000000)
      (psnegative false)
      (psa4output false)
      (plotreference true)
      (plotvalue true)
      (plotinvisibletext false)
      (padsonsilk false)
      (subtractmaskfromsilk false)
      (outputformat 1)
      (mirror false)
      (drillshape 1)
      (scaleselection 1)
      (outputdirectory ""))
  )

  (net 0 "")
  (net 1 ENA_IN)
  (net 2 DIR_IN)
  (net 3 PWM_IN)
  (net 4 5V_IN)
  (net 5 GNDD)
  (net 6 -15V)
  (net 7 GND)
  (net 8 +15V)
  (net 9 OUT)
  (net 10 ENA_OUT)
  (net 11 "Net-(R12-Pad2)")
  (net 12 "Net-(R11-Pad1)")
  (net 13 "Net-(R10-Pad1)")
  (net 14 "Net-(C5-Pad1)")
  (net 15 "Net-(Q2-Pad3)")
  (net 16 "Net-(Q2-Pad1)")
  (net 17 DIR)
  (net 18 "Net-(C5-Pad2)")
  (net 19 "Net-(C4-Pad1)")
  (net 20 "Net-(R1-Pad1)")
  (net 21 "Net-(R2-Pad1)")
  (net 22 +5V)
  (net 23 "Net-(Q1-Pad1)")
  (net 24 "Net-(C3-Pad1)")
  (net 25 PWM)

  (net_class Default "This is the default net class."
    (clearance 0.2)
    (trace_width 0.25)
    (via_dia 1.4)
    (via_drill 0.8)
    (uvia_dia 0.3)
    (uvia_drill 0.1)
    (add_net +15V)
    (add_net +5V)
    (add_net -15V)
    (add_net 5V_IN)
    (add_net DIR)
    (add_net DIR_IN)
    (add_net ENA_IN)
    (add_net ENA_OUT)
    (add_net GND)
    (add_net GNDD)
    (add_net "Net-(C3-Pad1)")
    (add_net "Net-(C4-Pad1)")
    (add_net "Net-(C5-Pad1)")
    (add_net "Net-(C5-Pad2)")
    (add_net "Net-(Q1-Pad1)")
    (add_net "Net-(Q2-Pad1)")
    (add_net "Net-(Q2-Pad3)")
    (add_net "Net-(R1-Pad1)")
    (add_net "Net-(R10-Pad1)")
    (add_net "Net-(R11-Pad1)")
    (add_net "Net-(R12-Pad2)")
    (add_net "Net-(R2-Pad1)")
    (add_net OUT)
    (add_net PWM)
    (add_net PWM_IN)
  )

  (module TerminalBlock_Phoenix:TerminalBlock_Phoenix_MKDS-1,5-5_1x05_P5.00mm_Horizontal (layer F.Cu) (tedit 5B294EE6) (tstamp 5C41CBAB)
    (at 120 130)
    (descr "Terminal Block Phoenix MKDS-1,5-5, 5 pins, pitch 5mm, size 25x9.8mm^2, drill diamater 1.3mm, pad diameter 2.6mm, see http://www.farnell.com/datasheets/100425.pdf, script-generated using https://github.com/pointhi/kicad-footprint-generator/scripts/TerminalBlock_Phoenix")
    (tags "THT Terminal Block Phoenix MKDS-1,5-5 pitch 5mm size 25x9.8mm^2 drill 1.3mm pad 2.6mm")
    (path /5C36E628)
    (fp_text reference J1 (at 10 -6.26) (layer F.SilkS)
      (effects (font (size 1 1) (thickness 0.15)))
    )
    (fp_text value IN_SIGNAL (at 10 5.66) (layer F.Fab)
      (effects (font (size 1 1) (thickness 0.15)))
    )
    (fp_arc (start 0 0) (end 0 1.68) (angle -24) (layer F.SilkS) (width 0.12))
    (fp_arc (start 0 0) (end 1.535 0.684) (angle -48) (layer F.SilkS) (width 0.12))
    (fp_arc (start 0 0) (end 0.684 -1.535) (angle -48) (layer F.SilkS) (width 0.12))
    (fp_arc (start 0 0) (end -1.535 -0.684) (angle -48) (layer F.SilkS) (width 0.12))
    (fp_arc (start 0 0) (end -0.684 1.535) (angle -25) (layer F.SilkS) (width 0.12))
    (fp_circle (center 0 0) (end 1.5 0) (layer F.Fab) (width 0.1))
    (fp_circle (center 5 0) (end 6.5 0) (layer F.Fab) (width 0.1))
    (fp_circle (center 5 0) (end 6.68 0) (layer F.SilkS) (width 0.12))
    (fp_circle (center 10 0) (end 11.5 0) (layer F.Fab) (width 0.1))
    (fp_circle (center 10 0) (end 11.68 0) (layer F.SilkS) (width 0.12))
    (fp_circle (center 15 0) (end 16.5 0) (layer F.Fab) (width 0.1))
    (fp_circle (center 15 0) (end 16.68 0) (layer F.SilkS) (width 0.12))
    (fp_circle (center 20 0) (end 21.5 0) (layer F.Fab) (width 0.1))
    (fp_circle (center 20 0) (end 21.68 0) (layer F.SilkS) (width 0.12))
    (fp_line (start -2.5 -5.2) (end 22.5 -5.2) (layer F.Fab) (width 0.1))
    (fp_line (start 22.5 -5.2) (end 22.5 4.6) (layer F.Fab) (width 0.1))
    (fp_line (start 22.5 4.6) (end -2 4.6) (layer F.Fab) (width 0.1))
    (fp_line (start -2 4.6) (end -2.5 4.1) (layer F.Fab) (width 0.1))
    (fp_line (start -2.5 4.1) (end -2.5 -5.2) (layer F.Fab) (width 0.1))
    (fp_line (start -2.5 4.1) (end 22.5 4.1) (layer F.Fab) (width 0.1))
    (fp_line (start -2.56 4.1) (end 22.56 4.1) (layer F.SilkS) (width 0.12))
    (fp_line (start -2.5 2.6) (end 22.5 2.6) (layer F.Fab) (width 0.1))
    (fp_line (start -2.56 2.6) (end 22.56 2.6) (layer F.SilkS) (width 0.12))
    (fp_line (start -2.5 -2.3) (end 22.5 -2.3) (layer F.Fab) (width 0.1))
    (fp_line (start -2.56 -2.301) (end 22.56 -2.301) (layer F.SilkS) (width 0.12))
    (fp_line (start -2.56 -5.261) (end 22.56 -5.261) (layer F.SilkS) (width 0.12))
    (fp_line (start -2.56 4.66) (end 22.56 4.66) (layer F.SilkS) (width 0.12))
    (fp_line (start -2.56 -5.261) (end -2.56 4.66) (layer F.SilkS) (width 0.12))
    (fp_line (start 22.56 -5.261) (end 22.56 4.66) (layer F.SilkS) (width 0.12))
    (fp_line (start 1.138 -0.955) (end -0.955 1.138) (layer F.Fab) (width 0.1))
    (fp_line (start 0.955 -1.138) (end -1.138 0.955) (layer F.Fab) (width 0.1))
    (fp_line (start 6.138 -0.955) (end 4.046 1.138) (layer F.Fab) (width 0.1))
    (fp_line (start 5.955 -1.138) (end 3.863 0.955) (layer F.Fab) (width 0.1))
    (fp_line (start 6.275 -1.069) (end 6.228 -1.023) (layer F.SilkS) (width 0.12))
    (fp_line (start 3.966 1.239) (end 3.931 1.274) (layer F.SilkS) (width 0.12))
    (fp_line (start 6.07 -1.275) (end 6.035 -1.239) (layer F.SilkS) (width 0.12))
    (fp_line (start 3.773 1.023) (end 3.726 1.069) (layer F.SilkS) (width 0.12))
    (fp_line (start 11.138 -0.955) (end 9.046 1.138) (layer F.Fab) (width 0.1))
    (fp_line (start 10.955 -1.138) (end 8.863 0.955) (layer F.Fab) (width 0.1))
    (fp_line (start 11.275 -1.069) (end 11.228 -1.023) (layer F.SilkS) (width 0.12))
    (fp_line (start 8.966 1.239) (end 8.931 1.274) (layer F.SilkS) (width 0.12))
    (fp_line (start 11.07 -1.275) (end 11.035 -1.239) (layer F.SilkS) (width 0.12))
    (fp_line (start 8.773 1.023) (end 8.726 1.069) (layer F.SilkS) (width 0.12))
    (fp_line (start 16.138 -0.955) (end 14.046 1.138) (layer F.Fab) (width 0.1))
    (fp_line (start 15.955 -1.138) (end 13.863 0.955) (layer F.Fab) (width 0.1))
    (fp_line (start 16.275 -1.069) (end 16.228 -1.023) (layer F.SilkS) (width 0.12))
    (fp_line (start 13.966 1.239) (end 13.931 1.274) (layer F.SilkS) (width 0.12))
    (fp_line (start 16.07 -1.275) (end 16.035 -1.239) (layer F.SilkS) (width 0.12))
    (fp_line (start 13.773 1.023) (end 13.726 1.069) (layer F.SilkS) (width 0.12))
    (fp_line (start 21.138 -0.955) (end 19.046 1.138) (layer F.Fab) (width 0.1))
    (fp_line (start 20.955 -1.138) (end 18.863 0.955) (layer F.Fab) (width 0.1))
    (fp_line (start 21.275 -1.069) (end 21.228 -1.023) (layer F.SilkS) (width 0.12))
    (fp_line (start 18.966 1.239) (end 18.931 1.274) (layer F.SilkS) (width 0.12))
    (fp_line (start 21.07 -1.275) (end 21.035 -1.239) (layer F.SilkS) (width 0.12))
    (fp_line (start 18.773 1.023) (end 18.726 1.069) (layer F.SilkS) (width 0.12))
    (fp_line (start -2.8 4.16) (end -2.8 4.9) (layer F.SilkS) (width 0.12))
    (fp_line (start -2.8 4.9) (end -2.3 4.9) (layer F.SilkS) (width 0.12))
    (fp_line (start -3 -5.71) (end -3 5.1) (layer F.CrtYd) (width 0.05))
    (fp_line (start -3 5.1) (end 23 5.1) (layer F.CrtYd) (width 0.05))
    (fp_line (start 23 5.1) (end 23 -5.71) (layer F.CrtYd) (width 0.05))
    (fp_line (start 23 -5.71) (end -3 -5.71) (layer F.CrtYd) (width 0.05))
    (fp_text user %R (at 10 3.2) (layer F.Fab)
      (effects (font (size 1 1) (thickness 0.15)))
    )
    (pad 1 thru_hole rect (at 0 0) (size 2.6 2.6) (drill 1.3) (layers *.Cu *.Mask)
      (net 1 ENA_IN))
    (pad 2 thru_hole circle (at 5 0) (size 2.6 2.6) (drill 1.3) (layers *.Cu *.Mask)
      (net 3 PWM_IN))
    (pad 3 thru_hole circle (at 10 0) (size 2.6 2.6) (drill 1.3) (layers *.Cu *.Mask)
      (net 2 DIR_IN))
    (pad 4 thru_hole circle (at 15 0) (size 2.6 2.6) (drill 1.3) (layers *.Cu *.Mask)
      (net 4 5V_IN))
    (pad 5 thru_hole circle (at 20 0) (size 2.6 2.6) (drill 1.3) (layers *.Cu *.Mask)
      (net 5 GNDD))
    (model ${KISYS3DMOD}/TerminalBlock_Phoenix.3dshapes/TerminalBlock_Phoenix_MKDS-1,5-5_1x05_P5.00mm_Horizontal.wrl
      (at (xyz 0 0 0))
      (scale (xyz 1 1 1))
      (rotate (xyz 0 0 0))
    )
  )

  (module Resistor_SMD:R_0603_1608Metric_Pad1.05x0.95mm_HandSolder (layer F.Cu) (tedit 5B301BBD) (tstamp 5C4219DE)
    (at 129 101.5)
    (descr "Resistor SMD 0603 (1608 Metric), square (rectangular) end terminal, IPC_7351 nominal with elongated pad for handsoldering. (Body size source: http://www.tortai-tech.com/upload/download/2011102023233369053.pdf), generated with kicad-footprint-generator")
    (tags "resistor handsolder")
    (path /5C352FB5)
    (attr smd)
    (fp_text reference R13 (at 0 -1.43) (layer F.SilkS)
      (effects (font (size 1 1) (thickness 0.15)))
    )
    (fp_text value 10k (at 0 1.43) (layer F.Fab)
      (effects (font (size 1 1) (thickness 0.15)))
    )
    (fp_line (start -0.8 0.4) (end -0.8 -0.4) (layer F.Fab) (width 0.1))
    (fp_line (start -0.8 -0.4) (end 0.8 -0.4) (layer F.Fab) (width 0.1))
    (fp_line (start 0.8 -0.4) (end 0.8 0.4) (layer F.Fab) (width 0.1))
    (fp_line (start 0.8 0.4) (end -0.8 0.4) (layer F.Fab) (width 0.1))
    (fp_line (start -0.171267 -0.51) (end 0.171267 -0.51) (layer F.SilkS) (width 0.12))
    (fp_line (start -0.171267 0.51) (end 0.171267 0.51) (layer F.SilkS) (width 0.12))
    (fp_line (start -1.65 0.73) (end -1.65 -0.73) (layer F.CrtYd) (width 0.05))
    (fp_line (start -1.65 -0.73) (end 1.65 -0.73) (layer F.CrtYd) (width 0.05))
    (fp_line (start 1.65 -0.73) (end 1.65 0.73) (layer F.CrtYd) (width 0.05))
    (fp_line (start 1.65 0.73) (end -1.65 0.73) (layer F.CrtYd) (width 0.05))
    (fp_text user %R (at 0 0) (layer F.Fab)
      (effects (font (size 0.4 0.4) (thickness 0.06)))
    )
    (pad 1 smd roundrect (at -0.875 0) (size 1.05 0.95) (layers F.Cu F.Paste F.Mask) (roundrect_rratio 0.25)
      (net 11 "Net-(R12-Pad2)"))
    (pad 2 smd roundrect (at 0.875 0) (size 1.05 0.95) (layers F.Cu F.Paste F.Mask) (roundrect_rratio 0.25)
      (net 9 OUT))
    (model ${KISYS3DMOD}/Resistor_SMD.3dshapes/R_0603_1608Metric.wrl
      (at (xyz 0 0 0))
      (scale (xyz 1 1 1))
      (rotate (xyz 0 0 0))
    )
  )

  (module MountingHole:MountingHole_3.2mm_M3 (layer F.Cu) (tedit 5C350408) (tstamp 5C420EFD)
    (at 113 82)
    (descr "Mounting Hole 3.2mm, no annular, M3")
    (tags "mounting hole 3.2mm no annular m3")
    (path /5C37A2C0)
    (attr virtual)
    (fp_text reference H8 (at 0 -4.2) (layer F.SilkS)
      (effects (font (size 1 1) (thickness 0.15)))
    )
    (fp_text value MountingHole (at 0 4.2) (layer F.Fab)
      (effects (font (size 1 1) (thickness 0.15)))
    )
    (fp_circle (center 0 0) (end 3.45 0) (layer F.CrtYd) (width 0.05))
    (fp_circle (center 0 0) (end 3.2 0) (layer Cmts.User) (width 0.15))
    (fp_text user %R (at 0.3 0) (layer F.Fab)
      (effects (font (size 1 1) (thickness 0.15)))
    )
    (pad 1 np_thru_hole circle (at 0 0) (size 3.2 3.2) (drill 3.2) (layers *.Cu *.Mask))
  )

  (module MountingHole:MountingHole_3.2mm_M3 (layer F.Cu) (tedit 5C350406) (tstamp 5C41EB9C)
    (at 147 82)
    (descr "Mounting Hole 3.2mm, no annular, M3")
    (tags "mounting hole 3.2mm no annular m3")
    (path /5C37A2BA)
    (attr virtual)
    (fp_text reference H7 (at 0 -4.2) (layer F.SilkS) hide
      (effects (font (size 1 1) (thickness 0.15)))
    )
    (fp_text value MountingHole (at 0 4.2) (layer F.Fab)
      (effects (font (size 1 1) (thickness 0.15)))
    )
    (fp_text user %R (at 0.3 0) (layer F.Fab)
      (effects (font (size 1 1) (thickness 0.15)))
    )
    (fp_circle (center 0 0) (end 3.2 0) (layer Cmts.User) (width 0.15))
    (fp_circle (center 0 0) (end 3.45 0) (layer F.CrtYd) (width 0.05))
    (pad 1 np_thru_hole circle (at 0 0) (size 3.2 3.2) (drill 3.2) (layers *.Cu *.Mask))
  )

  (module MountingHole:MountingHole_3.2mm_M3 (layer F.Cu) (tedit 5C3503F5) (tstamp 5C41DE2C)
    (at 147 132)
    (descr "Mounting Hole 3.2mm, no annular, M3")
    (tags "mounting hole 3.2mm no annular m3")
    (path /5C377BDD)
    (attr virtual)
    (fp_text reference H6 (at 0 -4.2) (layer F.SilkS) hide
      (effects (font (size 1 1) (thickness 0.15)))
    )
    (fp_text value MountingHole (at 0 4.2) (layer F.Fab)
      (effects (font (size 1 1) (thickness 0.15)))
    )
    (fp_circle (center 0 0) (end 3.45 0) (layer F.CrtYd) (width 0.05))
    (fp_circle (center 0 0) (end 3.2 0) (layer Cmts.User) (width 0.15))
    (fp_text user %R (at 0.3 0) (layer F.Fab)
      (effects (font (size 1 1) (thickness 0.15)))
    )
    (pad 1 np_thru_hole circle (at 0 0) (size 3.2 3.2) (drill 3.2) (layers *.Cu *.Mask))
  )

  (module MountingHole:MountingHole_3.2mm_M3 (layer F.Cu) (tedit 5C3503FC) (tstamp 5C41DE24)
    (at 113 120)
    (descr "Mounting Hole 3.2mm, no annular, M3")
    (tags "mounting hole 3.2mm no annular m3")
    (path /5C377822)
    (attr virtual)
    (fp_text reference H1 (at 0 -4.2) (layer F.SilkS) hide
      (effects (font (size 1 1) (thickness 0.15)))
    )
    (fp_text value MountingHole (at 0 4.2) (layer F.Fab)
      (effects (font (size 1 1) (thickness 0.15)))
    )
    (fp_text user %R (at 0.3 0) (layer F.Fab)
      (effects (font (size 1 1) (thickness 0.15)))
    )
    (fp_circle (center 0 0) (end 3.2 0) (layer Cmts.User) (width 0.15))
    (fp_circle (center 0 0) (end 3.45 0) (layer F.CrtYd) (width 0.05))
    (pad 1 np_thru_hole circle (at 0 0) (size 3.2 3.2) (drill 3.2) (layers *.Cu *.Mask))
  )

  (module MountingHole:MountingHole_3.2mm_M3 (layer F.Cu) (tedit 5C350402) (tstamp 5C41DE1C)
    (at 113 95)
    (descr "Mounting Hole 3.2mm, no annular, M3")
    (tags "mounting hole 3.2mm no annular m3")
    (path /5C377BD1)
    (attr virtual)
    (fp_text reference H2 (at 0 -4.2) (layer F.SilkS) hide
      (effects (font (size 1 1) (thickness 0.15)))
    )
    (fp_text value MountingHole (at 0 4.2) (layer F.Fab)
      (effects (font (size 1 1) (thickness 0.15)))
    )
    (fp_circle (center 0 0) (end 3.45 0) (layer F.CrtYd) (width 0.05))
    (fp_circle (center 0 0) (end 3.2 0) (layer Cmts.User) (width 0.15))
    (fp_text user %R (at 0.3 0) (layer F.Fab)
      (effects (font (size 1 1) (thickness 0.15)))
    )
    (pad 1 np_thru_hole circle (at 0 0) (size 3.2 3.2) (drill 3.2) (layers *.Cu *.Mask))
  )

  (module MountingHole:MountingHole_3.2mm_M3 (layer F.Cu) (tedit 5C3503F9) (tstamp 5C41DE14)
    (at 147 120)
    (descr "Mounting Hole 3.2mm, no annular, M3")
    (tags "mounting hole 3.2mm no annular m3")
    (path /5C377979)
    (attr virtual)
    (fp_text reference H3 (at 0 -4.2) (layer F.SilkS) hide
      (effects (font (size 1 1) (thickness 0.15)))
    )
    (fp_text value MountingHole (at 0 4.2) (layer F.Fab)
      (effects (font (size 1 1) (thickness 0.15)))
    )
    (fp_text user %R (at 0.3 0) (layer F.Fab)
      (effects (font (size 1 1) (thickness 0.15)))
    )
    (fp_circle (center 0 0) (end 3.2 0) (layer Cmts.User) (width 0.15))
    (fp_circle (center 0 0) (end 3.45 0) (layer F.CrtYd) (width 0.05))
    (pad 1 np_thru_hole circle (at 0 0) (size 3.2 3.2) (drill 3.2) (layers *.Cu *.Mask))
  )

  (module MountingHole:MountingHole_3.2mm_M3 (layer F.Cu) (tedit 5C3503FE) (tstamp 5C41DE0C)
    (at 147 95)
    (descr "Mounting Hole 3.2mm, no annular, M3")
    (tags "mounting hole 3.2mm no annular m3")
    (path /5C377BD7)
    (attr virtual)
    (fp_text reference H4 (at 0 -4.2) (layer F.SilkS) hide
      (effects (font (size 1 1) (thickness 0.15)))
    )
    (fp_text value MountingHole (at 0 4.2) (layer F.Fab)
      (effects (font (size 1 1) (thickness 0.15)))
    )
    (fp_circle (center 0 0) (end 3.45 0) (layer F.CrtYd) (width 0.05))
    (fp_circle (center 0 0) (end 3.2 0) (layer Cmts.User) (width 0.15))
    (fp_text user %R (at 0.3 0) (layer F.Fab)
      (effects (font (size 1 1) (thickness 0.15)))
    )
    (pad 1 np_thru_hole circle (at 0 0) (size 3.2 3.2) (drill 3.2) (layers *.Cu *.Mask))
  )

  (module MountingHole:MountingHole_3.2mm_M3 (layer F.Cu) (tedit 5C3503F2) (tstamp 5C41DE04)
    (at 113 132)
    (descr "Mounting Hole 3.2mm, no annular, M3")
    (tags "mounting hole 3.2mm no annular m3")
    (path /5C3779EF)
    (attr virtual)
    (fp_text reference H5 (at 0 -4.2) (layer F.SilkS) hide
      (effects (font (size 1 1) (thickness 0.15)))
    )
    (fp_text value MountingHole (at 0 4.2) (layer F.Fab)
      (effects (font (size 1 1) (thickness 0.15)))
    )
    (fp_text user %R (at 0.3 0) (layer F.Fab)
      (effects (font (size 1 1) (thickness 0.15)))
    )
    (fp_circle (center 0 0) (end 3.2 0) (layer Cmts.User) (width 0.15))
    (fp_circle (center 0 0) (end 3.45 0) (layer F.CrtYd) (width 0.05))
    (pad 1 np_thru_hole circle (at 0 0) (size 3.2 3.2) (drill 3.2) (layers *.Cu *.Mask))
  )

  (module Capacitor_SMD:CP_Elec_8x5.4 (layer F.Cu) (tedit 5A841F9D) (tstamp 5C4294B3)
    (at 124 96)
    (descr "SMT capacitor, aluminium electrolytic, 8x5.4, Nichicon ")
    (tags "Capacitor Electrolytic")
    (path /5C36A331)
    (attr smd)
    (fp_text reference C6 (at 0 -5.2) (layer F.SilkS)
      (effects (font (size 1 1) (thickness 0.15)))
    )
    (fp_text value 10u (at 0 5.2) (layer F.Fab)
      (effects (font (size 1 1) (thickness 0.15)))
    )
    (fp_text user %R (at 0 0) (layer F.Fab)
      (effects (font (size 1 1) (thickness 0.15)))
    )
    (fp_line (start -5.3 1.5) (end -4.4 1.5) (layer F.CrtYd) (width 0.05))
    (fp_line (start -5.3 -1.5) (end -5.3 1.5) (layer F.CrtYd) (width 0.05))
    (fp_line (start -4.4 -1.5) (end -5.3 -1.5) (layer F.CrtYd) (width 0.05))
    (fp_line (start -4.4 1.5) (end -4.4 3.25) (layer F.CrtYd) (width 0.05))
    (fp_line (start -4.4 -3.25) (end -4.4 -1.5) (layer F.CrtYd) (width 0.05))
    (fp_line (start -4.4 -3.25) (end -3.25 -4.4) (layer F.CrtYd) (width 0.05))
    (fp_line (start -4.4 3.25) (end -3.25 4.4) (layer F.CrtYd) (width 0.05))
    (fp_line (start -3.25 -4.4) (end 4.4 -4.4) (layer F.CrtYd) (width 0.05))
    (fp_line (start -3.25 4.4) (end 4.4 4.4) (layer F.CrtYd) (width 0.05))
    (fp_line (start 4.4 1.5) (end 4.4 4.4) (layer F.CrtYd) (width 0.05))
    (fp_line (start 5.3 1.5) (end 4.4 1.5) (layer F.CrtYd) (width 0.05))
    (fp_line (start 5.3 -1.5) (end 5.3 1.5) (layer F.CrtYd) (width 0.05))
    (fp_line (start 4.4 -1.5) (end 5.3 -1.5) (layer F.CrtYd) (width 0.05))
    (fp_line (start 4.4 -4.4) (end 4.4 -1.5) (layer F.CrtYd) (width 0.05))
    (fp_line (start -5 -3.01) (end -5 -2.01) (layer F.SilkS) (width 0.12))
    (fp_line (start -5.5 -2.51) (end -4.5 -2.51) (layer F.SilkS) (width 0.12))
    (fp_line (start -4.26 3.195563) (end -3.195563 4.26) (layer F.SilkS) (width 0.12))
    (fp_line (start -4.26 -3.195563) (end -3.195563 -4.26) (layer F.SilkS) (width 0.12))
    (fp_line (start -4.26 -3.195563) (end -4.26 -1.51) (layer F.SilkS) (width 0.12))
    (fp_line (start -4.26 3.195563) (end -4.26 1.51) (layer F.SilkS) (width 0.12))
    (fp_line (start -3.195563 4.26) (end 4.26 4.26) (layer F.SilkS) (width 0.12))
    (fp_line (start -3.195563 -4.26) (end 4.26 -4.26) (layer F.SilkS) (width 0.12))
    (fp_line (start 4.26 -4.26) (end 4.26 -1.51) (layer F.SilkS) (width 0.12))
    (fp_line (start 4.26 4.26) (end 4.26 1.51) (layer F.SilkS) (width 0.12))
    (fp_line (start -3.162278 -1.9) (end -3.162278 -1.1) (layer F.Fab) (width 0.1))
    (fp_line (start -3.562278 -1.5) (end -2.762278 -1.5) (layer F.Fab) (width 0.1))
    (fp_line (start -4.15 3.15) (end -3.15 4.15) (layer F.Fab) (width 0.1))
    (fp_line (start -4.15 -3.15) (end -3.15 -4.15) (layer F.Fab) (width 0.1))
    (fp_line (start -4.15 -3.15) (end -4.15 3.15) (layer F.Fab) (width 0.1))
    (fp_line (start -3.15 4.15) (end 4.15 4.15) (layer F.Fab) (width 0.1))
    (fp_line (start -3.15 -4.15) (end 4.15 -4.15) (layer F.Fab) (width 0.1))
    (fp_line (start 4.15 -4.15) (end 4.15 4.15) (layer F.Fab) (width 0.1))
    (fp_circle (center 0 0) (end 4 0) (layer F.Fab) (width 0.1))
    (pad 2 smd rect (at 3.05 0) (size 4 2.5) (layers F.Cu F.Paste F.Mask)
      (net 7 GND))
    (pad 1 smd rect (at -3.05 0) (size 4 2.5) (layers F.Cu F.Paste F.Mask)
      (net 8 +15V))
    (model ${KISYS3DMOD}/Capacitor_SMD.3dshapes/CP_Elec_8x5.4.wrl
      (at (xyz 0 0 0))
      (scale (xyz 1 1 1))
      (rotate (xyz 0 0 0))
    )
  )

  (module Capacitor_SMD:CP_Elec_8x5.4 (layer F.Cu) (tedit 5A841F9D) (tstamp 5C41F7CB)
    (at 136 96)
    (descr "SMT capacitor, aluminium electrolytic, 8x5.4, Nichicon ")
    (tags "Capacitor Electrolytic")
    (path /5C36A48E)
    (attr smd)
    (fp_text reference C8 (at 0 -5.2) (layer F.SilkS)
      (effects (font (size 1 1) (thickness 0.15)))
    )
    (fp_text value 10u (at 0 5.2) (layer F.Fab)
      (effects (font (size 1 1) (thickness 0.15)))
    )
    (fp_circle (center 0 0) (end 4 0) (layer F.Fab) (width 0.1))
    (fp_line (start 4.15 -4.15) (end 4.15 4.15) (layer F.Fab) (width 0.1))
    (fp_line (start -3.15 -4.15) (end 4.15 -4.15) (layer F.Fab) (width 0.1))
    (fp_line (start -3.15 4.15) (end 4.15 4.15) (layer F.Fab) (width 0.1))
    (fp_line (start -4.15 -3.15) (end -4.15 3.15) (layer F.Fab) (width 0.1))
    (fp_line (start -4.15 -3.15) (end -3.15 -4.15) (layer F.Fab) (width 0.1))
    (fp_line (start -4.15 3.15) (end -3.15 4.15) (layer F.Fab) (width 0.1))
    (fp_line (start -3.562278 -1.5) (end -2.762278 -1.5) (layer F.Fab) (width 0.1))
    (fp_line (start -3.162278 -1.9) (end -3.162278 -1.1) (layer F.Fab) (width 0.1))
    (fp_line (start 4.26 4.26) (end 4.26 1.51) (layer F.SilkS) (width 0.12))
    (fp_line (start 4.26 -4.26) (end 4.26 -1.51) (layer F.SilkS) (width 0.12))
    (fp_line (start -3.195563 -4.26) (end 4.26 -4.26) (layer F.SilkS) (width 0.12))
    (fp_line (start -3.195563 4.26) (end 4.26 4.26) (layer F.SilkS) (width 0.12))
    (fp_line (start -4.26 3.195563) (end -4.26 1.51) (layer F.SilkS) (width 0.12))
    (fp_line (start -4.26 -3.195563) (end -4.26 -1.51) (layer F.SilkS) (width 0.12))
    (fp_line (start -4.26 -3.195563) (end -3.195563 -4.26) (layer F.SilkS) (width 0.12))
    (fp_line (start -4.26 3.195563) (end -3.195563 4.26) (layer F.SilkS) (width 0.12))
    (fp_line (start -5.5 -2.51) (end -4.5 -2.51) (layer F.SilkS) (width 0.12))
    (fp_line (start -5 -3.01) (end -5 -2.01) (layer F.SilkS) (width 0.12))
    (fp_line (start 4.4 -4.4) (end 4.4 -1.5) (layer F.CrtYd) (width 0.05))
    (fp_line (start 4.4 -1.5) (end 5.3 -1.5) (layer F.CrtYd) (width 0.05))
    (fp_line (start 5.3 -1.5) (end 5.3 1.5) (layer F.CrtYd) (width 0.05))
    (fp_line (start 5.3 1.5) (end 4.4 1.5) (layer F.CrtYd) (width 0.05))
    (fp_line (start 4.4 1.5) (end 4.4 4.4) (layer F.CrtYd) (width 0.05))
    (fp_line (start -3.25 4.4) (end 4.4 4.4) (layer F.CrtYd) (width 0.05))
    (fp_line (start -3.25 -4.4) (end 4.4 -4.4) (layer F.CrtYd) (width 0.05))
    (fp_line (start -4.4 3.25) (end -3.25 4.4) (layer F.CrtYd) (width 0.05))
    (fp_line (start -4.4 -3.25) (end -3.25 -4.4) (layer F.CrtYd) (width 0.05))
    (fp_line (start -4.4 -3.25) (end -4.4 -1.5) (layer F.CrtYd) (width 0.05))
    (fp_line (start -4.4 1.5) (end -4.4 3.25) (layer F.CrtYd) (width 0.05))
    (fp_line (start -4.4 -1.5) (end -5.3 -1.5) (layer F.CrtYd) (width 0.05))
    (fp_line (start -5.3 -1.5) (end -5.3 1.5) (layer F.CrtYd) (width 0.05))
    (fp_line (start -5.3 1.5) (end -4.4 1.5) (layer F.CrtYd) (width 0.05))
    (fp_text user %R (at 0 0) (layer F.Fab)
      (effects (font (size 1 1) (thickness 0.15)))
    )
    (pad 1 smd rect (at -3.05 0) (size 4 2.5) (layers F.Cu F.Paste F.Mask)
      (net 7 GND))
    (pad 2 smd rect (at 3.05 0) (size 4 2.5) (layers F.Cu F.Paste F.Mask)
      (net 6 -15V))
    (model ${KISYS3DMOD}/Capacitor_SMD.3dshapes/CP_Elec_8x5.4.wrl
      (at (xyz 0 0 0))
      (scale (xyz 1 1 1))
      (rotate (xyz 0 0 0))
    )
  )

  (module Capacitor_SMD:C_0603_1608Metric_Pad1.05x0.95mm_HandSolder (layer F.Cu) (tedit 5B301BBE) (tstamp 5C41CDDF)
    (at 134 121.875 90)
    (descr "Capacitor SMD 0603 (1608 Metric), square (rectangular) end terminal, IPC_7351 nominal with elongated pad for handsoldering. (Body size source: http://www.tortai-tech.com/upload/download/2011102023233369053.pdf), generated with kicad-footprint-generator")
    (tags "capacitor handsolder")
    (path /5C3641FF)
    (attr smd)
    (fp_text reference C1 (at 0 -1.43 90) (layer F.SilkS)
      (effects (font (size 1 1) (thickness 0.15)))
    )
    (fp_text value 100n (at 0 1.43 90) (layer F.Fab)
      (effects (font (size 1 1) (thickness 0.15)))
    )
    (fp_line (start -0.8 0.4) (end -0.8 -0.4) (layer F.Fab) (width 0.1))
    (fp_line (start -0.8 -0.4) (end 0.8 -0.4) (layer F.Fab) (width 0.1))
    (fp_line (start 0.8 -0.4) (end 0.8 0.4) (layer F.Fab) (width 0.1))
    (fp_line (start 0.8 0.4) (end -0.8 0.4) (layer F.Fab) (width 0.1))
    (fp_line (start -0.171267 -0.51) (end 0.171267 -0.51) (layer F.SilkS) (width 0.12))
    (fp_line (start -0.171267 0.51) (end 0.171267 0.51) (layer F.SilkS) (width 0.12))
    (fp_line (start -1.65 0.73) (end -1.65 -0.73) (layer F.CrtYd) (width 0.05))
    (fp_line (start -1.65 -0.73) (end 1.65 -0.73) (layer F.CrtYd) (width 0.05))
    (fp_line (start 1.65 -0.73) (end 1.65 0.73) (layer F.CrtYd) (width 0.05))
    (fp_line (start 1.65 0.73) (end -1.65 0.73) (layer F.CrtYd) (width 0.05))
    (fp_text user %R (at 0 0 90) (layer F.Fab)
      (effects (font (size 0.4 0.4) (thickness 0.06)))
    )
    (pad 1 smd roundrect (at -0.875 0 90) (size 1.05 0.95) (layers F.Cu F.Paste F.Mask) (roundrect_rratio 0.25)
      (net 5 GNDD))
    (pad 2 smd roundrect (at 0.875 0 90) (size 1.05 0.95) (layers F.Cu F.Paste F.Mask) (roundrect_rratio 0.25)
      (net 4 5V_IN))
    (model ${KISYS3DMOD}/Capacitor_SMD.3dshapes/C_0603_1608Metric.wrl
      (at (xyz 0 0 0))
      (scale (xyz 1 1 1))
      (rotate (xyz 0 0 0))
    )
  )

  (module Capacitor_SMD:C_0603_1608Metric_Pad1.05x0.95mm_HandSolder (layer F.Cu) (tedit 5B301BBE) (tstamp 5C41CDCE)
    (at 134.5 114.5 270)
    (descr "Capacitor SMD 0603 (1608 Metric), square (rectangular) end terminal, IPC_7351 nominal with elongated pad for handsoldering. (Body size source: http://www.tortai-tech.com/upload/download/2011102023233369053.pdf), generated with kicad-footprint-generator")
    (tags "capacitor handsolder")
    (path /5C3643B1)
    (attr smd)
    (fp_text reference C2 (at 0 -1.43 270) (layer F.SilkS)
      (effects (font (size 1 1) (thickness 0.15)))
    )
    (fp_text value 100n (at 0 1.43 270) (layer F.Fab)
      (effects (font (size 1 1) (thickness 0.15)))
    )
    (fp_text user %R (at 0 0 270) (layer F.Fab)
      (effects (font (size 0.4 0.4) (thickness 0.06)))
    )
    (fp_line (start 1.65 0.73) (end -1.65 0.73) (layer F.CrtYd) (width 0.05))
    (fp_line (start 1.65 -0.73) (end 1.65 0.73) (layer F.CrtYd) (width 0.05))
    (fp_line (start -1.65 -0.73) (end 1.65 -0.73) (layer F.CrtYd) (width 0.05))
    (fp_line (start -1.65 0.73) (end -1.65 -0.73) (layer F.CrtYd) (width 0.05))
    (fp_line (start -0.171267 0.51) (end 0.171267 0.51) (layer F.SilkS) (width 0.12))
    (fp_line (start -0.171267 -0.51) (end 0.171267 -0.51) (layer F.SilkS) (width 0.12))
    (fp_line (start 0.8 0.4) (end -0.8 0.4) (layer F.Fab) (width 0.1))
    (fp_line (start 0.8 -0.4) (end 0.8 0.4) (layer F.Fab) (width 0.1))
    (fp_line (start -0.8 -0.4) (end 0.8 -0.4) (layer F.Fab) (width 0.1))
    (fp_line (start -0.8 0.4) (end -0.8 -0.4) (layer F.Fab) (width 0.1))
    (pad 2 smd roundrect (at 0.875 0 270) (size 1.05 0.95) (layers F.Cu F.Paste F.Mask) (roundrect_rratio 0.25)
      (net 22 +5V))
    (pad 1 smd roundrect (at -0.875 0 270) (size 1.05 0.95) (layers F.Cu F.Paste F.Mask) (roundrect_rratio 0.25)
      (net 7 GND))
    (model ${KISYS3DMOD}/Capacitor_SMD.3dshapes/C_0603_1608Metric.wrl
      (at (xyz 0 0 0))
      (scale (xyz 1 1 1))
      (rotate (xyz 0 0 0))
    )
  )

  (module Capacitor_SMD:C_0603_1608Metric_Pad1.05x0.95mm_HandSolder (layer F.Cu) (tedit 5B301BBE) (tstamp 5C421B2E)
    (at 142 110 180)
    (descr "Capacitor SMD 0603 (1608 Metric), square (rectangular) end terminal, IPC_7351 nominal with elongated pad for handsoldering. (Body size source: http://www.tortai-tech.com/upload/download/2011102023233369053.pdf), generated with kicad-footprint-generator")
    (tags "capacitor handsolder")
    (path /5C34C8BF)
    (attr smd)
    (fp_text reference C3 (at 0 -1.43 180) (layer F.SilkS)
      (effects (font (size 1 1) (thickness 0.15)))
    )
    (fp_text value 47n (at 0 1.43 180) (layer F.Fab)
      (effects (font (size 1 1) (thickness 0.15)))
    )
    (fp_line (start -0.8 0.4) (end -0.8 -0.4) (layer F.Fab) (width 0.1))
    (fp_line (start -0.8 -0.4) (end 0.8 -0.4) (layer F.Fab) (width 0.1))
    (fp_line (start 0.8 -0.4) (end 0.8 0.4) (layer F.Fab) (width 0.1))
    (fp_line (start 0.8 0.4) (end -0.8 0.4) (layer F.Fab) (width 0.1))
    (fp_line (start -0.171267 -0.51) (end 0.171267 -0.51) (layer F.SilkS) (width 0.12))
    (fp_line (start -0.171267 0.51) (end 0.171267 0.51) (layer F.SilkS) (width 0.12))
    (fp_line (start -1.65 0.73) (end -1.65 -0.73) (layer F.CrtYd) (width 0.05))
    (fp_line (start -1.65 -0.73) (end 1.65 -0.73) (layer F.CrtYd) (width 0.05))
    (fp_line (start 1.65 -0.73) (end 1.65 0.73) (layer F.CrtYd) (width 0.05))
    (fp_line (start 1.65 0.73) (end -1.65 0.73) (layer F.CrtYd) (width 0.05))
    (fp_text user %R (at 0 0 180) (layer F.Fab)
      (effects (font (size 0.4 0.4) (thickness 0.06)))
    )
    (pad 1 smd roundrect (at -0.875 0 180) (size 1.05 0.95) (layers F.Cu F.Paste F.Mask) (roundrect_rratio 0.25)
      (net 24 "Net-(C3-Pad1)"))
    (pad 2 smd roundrect (at 0.875 0 180) (size 1.05 0.95) (layers F.Cu F.Paste F.Mask) (roundrect_rratio 0.25)
      (net 7 GND))
    (model ${KISYS3DMOD}/Capacitor_SMD.3dshapes/C_0603_1608Metric.wrl
      (at (xyz 0 0 0))
      (scale (xyz 1 1 1))
      (rotate (xyz 0 0 0))
    )
  )

  (module Capacitor_SMD:C_0603_1608Metric_Pad1.05x0.95mm_HandSolder (layer F.Cu) (tedit 5B301BBE) (tstamp 5C41CDAC)
    (at 148.5 108.875 90)
    (descr "Capacitor SMD 0603 (1608 Metric), square (rectangular) end terminal, IPC_7351 nominal with elongated pad for handsoldering. (Body size source: http://www.tortai-tech.com/upload/download/2011102023233369053.pdf), generated with kicad-footprint-generator")
    (tags "capacitor handsolder")
    (path /5C34CB66)
    (attr smd)
    (fp_text reference C4 (at 0 -1.43 90) (layer F.SilkS)
      (effects (font (size 1 1) (thickness 0.15)))
    )
    (fp_text value 15n (at 0 1.43 90) (layer F.Fab)
      (effects (font (size 1 1) (thickness 0.15)))
    )
    (fp_text user %R (at 0 0 90) (layer F.Fab)
      (effects (font (size 0.4 0.4) (thickness 0.06)))
    )
    (fp_line (start 1.65 0.73) (end -1.65 0.73) (layer F.CrtYd) (width 0.05))
    (fp_line (start 1.65 -0.73) (end 1.65 0.73) (layer F.CrtYd) (width 0.05))
    (fp_line (start -1.65 -0.73) (end 1.65 -0.73) (layer F.CrtYd) (width 0.05))
    (fp_line (start -1.65 0.73) (end -1.65 -0.73) (layer F.CrtYd) (width 0.05))
    (fp_line (start -0.171267 0.51) (end 0.171267 0.51) (layer F.SilkS) (width 0.12))
    (fp_line (start -0.171267 -0.51) (end 0.171267 -0.51) (layer F.SilkS) (width 0.12))
    (fp_line (start 0.8 0.4) (end -0.8 0.4) (layer F.Fab) (width 0.1))
    (fp_line (start 0.8 -0.4) (end 0.8 0.4) (layer F.Fab) (width 0.1))
    (fp_line (start -0.8 -0.4) (end 0.8 -0.4) (layer F.Fab) (width 0.1))
    (fp_line (start -0.8 0.4) (end -0.8 -0.4) (layer F.Fab) (width 0.1))
    (pad 2 smd roundrect (at 0.875 0 90) (size 1.05 0.95) (layers F.Cu F.Paste F.Mask) (roundrect_rratio 0.25)
      (net 7 GND))
    (pad 1 smd roundrect (at -0.875 0 90) (size 1.05 0.95) (layers F.Cu F.Paste F.Mask) (roundrect_rratio 0.25)
      (net 19 "Net-(C4-Pad1)"))
    (model ${KISYS3DMOD}/Capacitor_SMD.3dshapes/C_0603_1608Metric.wrl
      (at (xyz 0 0 0))
      (scale (xyz 1 1 1))
      (rotate (xyz 0 0 0))
    )
  )

  (module Capacitor_SMD:C_0603_1608Metric_Pad1.05x0.95mm_HandSolder (layer F.Cu) (tedit 5B301BBE) (tstamp 5C421AFE)
    (at 144 108)
    (descr "Capacitor SMD 0603 (1608 Metric), square (rectangular) end terminal, IPC_7351 nominal with elongated pad for handsoldering. (Body size source: http://www.tortai-tech.com/upload/download/2011102023233369053.pdf), generated with kicad-footprint-generator")
    (tags "capacitor handsolder")
    (path /5C34D125)
    (attr smd)
    (fp_text reference C5 (at 0 -1.43) (layer F.SilkS)
      (effects (font (size 1 1) (thickness 0.15)))
    )
    (fp_text value 100n (at 0 1.43) (layer F.Fab)
      (effects (font (size 1 1) (thickness 0.15)))
    )
    (fp_line (start -0.8 0.4) (end -0.8 -0.4) (layer F.Fab) (width 0.1))
    (fp_line (start -0.8 -0.4) (end 0.8 -0.4) (layer F.Fab) (width 0.1))
    (fp_line (start 0.8 -0.4) (end 0.8 0.4) (layer F.Fab) (width 0.1))
    (fp_line (start 0.8 0.4) (end -0.8 0.4) (layer F.Fab) (width 0.1))
    (fp_line (start -0.171267 -0.51) (end 0.171267 -0.51) (layer F.SilkS) (width 0.12))
    (fp_line (start -0.171267 0.51) (end 0.171267 0.51) (layer F.SilkS) (width 0.12))
    (fp_line (start -1.65 0.73) (end -1.65 -0.73) (layer F.CrtYd) (width 0.05))
    (fp_line (start -1.65 -0.73) (end 1.65 -0.73) (layer F.CrtYd) (width 0.05))
    (fp_line (start 1.65 -0.73) (end 1.65 0.73) (layer F.CrtYd) (width 0.05))
    (fp_line (start 1.65 0.73) (end -1.65 0.73) (layer F.CrtYd) (width 0.05))
    (fp_text user %R (at 0 0) (layer F.Fab)
      (effects (font (size 0.4 0.4) (thickness 0.06)))
    )
    (pad 1 smd roundrect (at -0.875 0) (size 1.05 0.95) (layers F.Cu F.Paste F.Mask) (roundrect_rratio 0.25)
      (net 14 "Net-(C5-Pad1)"))
    (pad 2 smd roundrect (at 0.875 0) (size 1.05 0.95) (layers F.Cu F.Paste F.Mask) (roundrect_rratio 0.25)
      (net 18 "Net-(C5-Pad2)"))
    (model ${KISYS3DMOD}/Capacitor_SMD.3dshapes/C_0603_1608Metric.wrl
      (at (xyz 0 0 0))
      (scale (xyz 1 1 1))
      (rotate (xyz 0 0 0))
    )
  )

  (module Capacitor_SMD:C_0603_1608Metric_Pad1.05x0.95mm_HandSolder (layer F.Cu) (tedit 5B301BBE) (tstamp 5C41CD8A)
    (at 138.5 107)
    (descr "Capacitor SMD 0603 (1608 Metric), square (rectangular) end terminal, IPC_7351 nominal with elongated pad for handsoldering. (Body size source: http://www.tortai-tech.com/upload/download/2011102023233369053.pdf), generated with kicad-footprint-generator")
    (tags "capacitor handsolder")
    (path /5C3668E5)
    (attr smd)
    (fp_text reference C7 (at 0 -1.43) (layer F.SilkS)
      (effects (font (size 1 1) (thickness 0.15)))
    )
    (fp_text value 100n (at 0 1.43) (layer F.Fab)
      (effects (font (size 1 1) (thickness 0.15)))
    )
    (fp_text user %R (at 0 0) (layer F.Fab)
      (effects (font (size 0.4 0.4) (thickness 0.06)))
    )
    (fp_line (start 1.65 0.73) (end -1.65 0.73) (layer F.CrtYd) (width 0.05))
    (fp_line (start 1.65 -0.73) (end 1.65 0.73) (layer F.CrtYd) (width 0.05))
    (fp_line (start -1.65 -0.73) (end 1.65 -0.73) (layer F.CrtYd) (width 0.05))
    (fp_line (start -1.65 0.73) (end -1.65 -0.73) (layer F.CrtYd) (width 0.05))
    (fp_line (start -0.171267 0.51) (end 0.171267 0.51) (layer F.SilkS) (width 0.12))
    (fp_line (start -0.171267 -0.51) (end 0.171267 -0.51) (layer F.SilkS) (width 0.12))
    (fp_line (start 0.8 0.4) (end -0.8 0.4) (layer F.Fab) (width 0.1))
    (fp_line (start 0.8 -0.4) (end 0.8 0.4) (layer F.Fab) (width 0.1))
    (fp_line (start -0.8 -0.4) (end 0.8 -0.4) (layer F.Fab) (width 0.1))
    (fp_line (start -0.8 0.4) (end -0.8 -0.4) (layer F.Fab) (width 0.1))
    (pad 2 smd roundrect (at 0.875 0) (size 1.05 0.95) (layers F.Cu F.Paste F.Mask) (roundrect_rratio 0.25)
      (net 7 GND))
    (pad 1 smd roundrect (at -0.875 0) (size 1.05 0.95) (layers F.Cu F.Paste F.Mask) (roundrect_rratio 0.25)
      (net 8 +15V))
    (model ${KISYS3DMOD}/Capacitor_SMD.3dshapes/C_0603_1608Metric.wrl
      (at (xyz 0 0 0))
      (scale (xyz 1 1 1))
      (rotate (xyz 0 0 0))
    )
  )

  (module Capacitor_SMD:C_0603_1608Metric_Pad1.05x0.95mm_HandSolder (layer F.Cu) (tedit 5B301BBE) (tstamp 5C42D8C0)
    (at 127.625 107)
    (descr "Capacitor SMD 0603 (1608 Metric), square (rectangular) end terminal, IPC_7351 nominal with elongated pad for handsoldering. (Body size source: http://www.tortai-tech.com/upload/download/2011102023233369053.pdf), generated with kicad-footprint-generator")
    (tags "capacitor handsolder")
    (path /5C3669A2)
    (attr smd)
    (fp_text reference C9 (at 0 -1.43) (layer F.SilkS)
      (effects (font (size 1 1) (thickness 0.15)))
    )
    (fp_text value 100n (at 0 1.43) (layer F.Fab)
      (effects (font (size 1 1) (thickness 0.15)))
    )
    (fp_line (start -0.8 0.4) (end -0.8 -0.4) (layer F.Fab) (width 0.1))
    (fp_line (start -0.8 -0.4) (end 0.8 -0.4) (layer F.Fab) (width 0.1))
    (fp_line (start 0.8 -0.4) (end 0.8 0.4) (layer F.Fab) (width 0.1))
    (fp_line (start 0.8 0.4) (end -0.8 0.4) (layer F.Fab) (width 0.1))
    (fp_line (start -0.171267 -0.51) (end 0.171267 -0.51) (layer F.SilkS) (width 0.12))
    (fp_line (start -0.171267 0.51) (end 0.171267 0.51) (layer F.SilkS) (width 0.12))
    (fp_line (start -1.65 0.73) (end -1.65 -0.73) (layer F.CrtYd) (width 0.05))
    (fp_line (start -1.65 -0.73) (end 1.65 -0.73) (layer F.CrtYd) (width 0.05))
    (fp_line (start 1.65 -0.73) (end 1.65 0.73) (layer F.CrtYd) (width 0.05))
    (fp_line (start 1.65 0.73) (end -1.65 0.73) (layer F.CrtYd) (width 0.05))
    (fp_text user %R (at 0 0) (layer F.Fab)
      (effects (font (size 0.4 0.4) (thickness 0.06)))
    )
    (pad 1 smd roundrect (at -0.875 0) (size 1.05 0.95) (layers F.Cu F.Paste F.Mask) (roundrect_rratio 0.25)
      (net 7 GND))
    (pad 2 smd roundrect (at 0.875 0) (size 1.05 0.95) (layers F.Cu F.Paste F.Mask) (roundrect_rratio 0.25)
      (net 6 -15V))
    (model ${KISYS3DMOD}/Capacitor_SMD.3dshapes/C_0603_1608Metric.wrl
      (at (xyz 0 0 0))
      (scale (xyz 1 1 1))
      (rotate (xyz 0 0 0))
    )
  )

  (module Package_SO:SO-4_4.4x3.6mm_P2.54mm (layer F.Cu) (tedit 5B1E4C51) (tstamp 5C41F58E)
    (at 124 118 90)
    (descr "4-Lead Plastic Small Outline (SO), see https://www.elpro.org/de/index.php?controller=attachment&id_attachment=339")
    (tags "SO SOIC 2.54")
    (path /5C3487DC)
    (attr smd)
    (fp_text reference U1 (at 0 -2.7 90) (layer F.SilkS)
      (effects (font (size 1 1) (thickness 0.15)))
    )
    (fp_text value LTV-356T (at 0 2.8 90) (layer F.Fab)
      (effects (font (size 1 1) (thickness 0.15)))
    )
